4.83
5.51
5.67
5.94
6.08
5.45
5.03
4.60
4.42
3.85
3.86
4.35
4.86
5.50
5.48
5.66
5.89
5.63
5.04
4.17
4.03
4.19
4.04
4.55
4.82
5.54
5.90
5.80
5.84
5.51
5.09
4.47
3.79
3.96
4.38
4.72
9999
5.09
5.34
6.34
5.77
5.60
5.50
4.87
4.71
4.55
4.36
4.53
4.87
4.89
5.52
5.57
5.84
5.66
5.20
5.23
4.44
4.35
4.45
4.35
4.72
5.16
5.69
5.67
6.13
5.87
5.17
5.04
4.61
4.20
3.97
4.57
4.43
9999
5.29
5.52
5.61
5.57
6.07
5.69
4.97
4.73
4.55
4.12
4.55
4.64
5.29
5.54
5.70
5.80
5.81
5.63
4.77
4.66
4.51
4.13
3.78
4.78
5.32
4.93
6.10
6.11
5.94
5.64
5.18
5.02
4.30
4.20
4.69
4.56
9999
5.58
5.26
6.00
6.04
5.87
5.71
5.22
4.51
4.71
4.60
4.87
4.37
5.60
5.54
5.83
5.80
6.10
5.45
5.59
4.67
4.88
4.43
4.48
5.00
5.00
5.77
5.99
6.19
6.09
5.26
5.17
4.59
4.61
4.49
4.48
4.74
9999
4.92
5.54
6.04
6.41
6.37
5.44
5.48
4.78
4.79
4.59
4.50
5.22
5.54
5.63
5.84
6.01
5.90
5.60
5.55
5.15
4.66
4.28
4.82
4.70
5.32
5.87
5.72
6.01
5.79
5.79
5.15
5.36
4.64
4.63
4.60
4.96
9999
5.26
5.90
6.28
5.78
6.05
5.63
5.13
4.81
4.75
4.09
4.61
4.97
5.06
5.61
6.19
6.33
5.97
5.89
5.45
5.02
4.87
4.49
4.99
4.87
5.45
5.58
5.92
6.26
6.41
5.87
4.95
5.00
4.78
4.58
4.25
5.06
9999
5.16
5.92
5.84
6.01
6.34
5.73
5.32
5.06
4.84
4.63
4.50
5.23
5.26
5.59
6.17
6.56
6.00
5.61
5.53
5.19
4.68
4.69
4.74
4.80
5.36
5.91
6.41
6.40
6.25
5.85
5.38
4.97
4.71
4.98
4.91
4.73
9999
5.21
6.16
5.99
6.41
6.08
6.13
5.54
4.97
4.71
4.75
4.45
5.02
5.43
5.59
6.28
6.16
6.06
5.75
5.66
4.94
4.86
4.52
4.87
5.21
5.03
5.89
6.30
6.32
5.88
6.15
5.37
4.74
4.92
4.55
4.55
5.14
9999
5.05
6.03
6.50
6.19
5.92
5.56
5.36
5.12
4.51
4.74
4.78
5.28
5.22
5.75
6.32
6.38
6.03
5.37
5.08
5.24
4.87
4.68
5.28
5.19
5.08
5.58
6.22
6.41
6.45
6.26
5.61
5.32
4.64
4.39
4.60
4.91
9999
5.34
6.11
6.27
6.26
6.02
5.88
5.48
5.49
5.09
4.67
4.95
5.03
5.54
5.89
6.19
5.98
6.71
5.93
5.39
5.19
4.72
4.64
4.74
4.78
5.48
6.01
6.16
6.22
6.25
6.35
5.46
5.12
4.74
4.86
5.19
4.85
9999
5.39
5.90
6.27
6.37
6.44
5.83
5.31
4.81
5.04
4.53
5.02
4.96
5.72
5.86
6.26
6.05
6.35
6.15
5.48
4.78
4.65
4.92
4.65
5.24
5.45
6.03
6.29
6.00
6.19
5.59
5.28
5.31
4.59
4.88
4.68
5.12
9999
5.74
5.89
6.35
6.22
6.36
5.69
5.45
5.22
4.90
4.82
4.72
5.20
5.44
5.74
6.16
6.16
5.81
5.72
5.52
4.88
5.19
4.68
4.94
5.03
5.38
6.32
5.97
6.23
6.36
6.07
5.52
4.94
5.03
4.73
4.64
5.09
9999
5.73
6.05
6.15
6.13
6.27
5.75
5.65
5.45
4.83
4.61
4.61
4.77
5.64
5.98
6.29
6.25
5.89
6.04
5.34
5.02
4.99
4.48
5.25
5.31
5.46
5.91
5.96
6.34
6.14
5.75
5.21
5.25
4.73
4.76
4.61
5.09
9999
5.58
5.76
6.09
6.30
6.24
5.96
5.49
5.39
4.63
4.65
4.94
5.16
5.45
5.60
6.16
6.20
5.89
5.83
5.65
5.23
4.54
4.43
4.80
5.53
5.78
5.60
6.20
5.95
5.88
5.65
5.82
4.96
4.94
4.54
4.39
4.77
9999
5.53
5.51
6.20
6.16
6.16
5.63
5.47
5.15
4.39
4.78
4.71
4.70
5.39
6.13
6.12
6.53
6.46
5.82
5.45
5.01
4.86
4.54
4.84
5.24
5.27
5.49
6.02
6.52
5.97
6.20
5.60
4.84
4.74
4.46
4.78
5.00
9999
5.11
5.60
6.42
6.22
6.04
5.74
4.92
4.90
4.57
4.50
4.74
4.92
5.59
5.58
6.27
6.29
5.75
5.60
5.19
5.17
4.84
4.75
4.83
5.04
5.52
5.73
5.96
5.85
6.32
5.82
5.43
4.76
4.23
4.77
4.73
4.70
9999
5.20
5.72
6.15
5.84
5.71
5.84
5.14
5.13
4.54
4.37
4.42
4.81
5.08
5.60
6.18
5.92
6.09
5.61
5.47
4.88
4.41
4.32
4.92
4.64
5.58
5.77
5.92
5.91
5.96
5.61
5.59
4.63
4.75
4.38
4.80
5.23
9999
5.53
5.42
5.88
5.99
6.04
5.73
5.21
4.76
4.76
4.57
4.43
4.55
5.25
5.91
5.94
5.92
5.52
5.77
5.12
4.88
4.47
4.47
4.37
4.42
5.25
5.50
5.75
6.13
6.00
5.67
5.38
4.75
4.56
4.23
4.54
4.99
9999
5.02
5.69
5.77
5.24
6.02
5.26
5.36
4.73
4.56
4.21
4.49
4.99
4.89
5.67
5.95
5.93
5.56
5.55
5.30
4.70
4.62
4.03
4.47
4.89
5.19
5.29
5.73
6.03
5.71
5.75
5.13
4.46
4.57
4.27
4.28
4.89
9999
5.21
5.38
5.72
5.65
5.76
5.37
5.59
4.74
4.45
4.11
4.22
4.31
5.14
5.55
5.76
6.11
5.84
5.40
4.90
4.55
4.37
4.40
4.35
4.98
5.13
5.34
5.82
5.82
6.14
5.54
4.99
4.89
4.32
4.44
4.50
4.64
9999
